0.01 	 0.077996
0.02 	 0.078085
0.03 	 0.078065
0.04 	 0.077733
0.05 	 0.077651
0.06 	 0.076879
0.07 	 0.07682
0.08 	 0.076733
0.09 	 0.076364
0.1 	 0.076034
0.11 	 0.075712
0.12 	 0.0757
0.13 	 0.075607
0.14 	 0.075242
0.15 	 0.075151
0.16 	 0.074766
0.17 	 0.074474
0.18 	 0.074122
0.19 	 0.073972
0.2 	 0.074032
0.21 	 0.074094
0.22 	 0.073511
0.23 	 0.072499
0.24 	 0.073337
0.25 	 0.07299
0.26 	 0.071778
0.27 	 0.072345
0.28 	 0.072473
0.29 	 0.072183
0.3 	 0.071713
0.31 	 0.071121
0.32 	 0.071712
0.33 	 0.071028
0.34 	 0.070562
0.35 	 0.070365
0.36 	 0.070563
0.37 	 0.070029
0.38 	 0.069951
0.39 	 0.069352
0.4 	 0.069393
0.41 	 0.069026
0.42 	 0.068987
0.43 	 0.06885
0.44 	 0.068722
0.45 	 0.068401
0.46 	 0.067975
0.47 	 0.067994
0.48 	 0.067771
0.49 	 0.067311
0.5 	 0.067057
0.51 	 0.067263
0.52 	 0.066186
0.53 	 0.066524
0.54 	 0.066265
0.55 	 0.066041
0.56 	 0.066004
0.57 	 0.065197
0.58 	 0.065448
0.59 	 0.065287
0.6 	 0.064899
0.61 	 0.064241
0.62 	 0.064454
0.63 	 0.063777
0.64 	 0.063958
0.65 	 0.063738
0.66 	 0.06365
0.67 	 0.063425
0.68 	 0.063448
0.69 	 0.062876
0.7 	 0.062778
0.71 	 0.062541
0.72 	 0.06217
0.73 	 0.062298
0.74 	 0.061822
0.75 	 0.061573
0.76 	 0.061416
0.77 	 0.060773
0.78 	 0.060672
0.79 	 0.061013
0.8 	 0.060489
0.81 	 0.06029
0.82 	 0.059975
0.83 	 0.060293
0.839999 	 0.05977
0.849999 	 0.059356
0.859999 	 0.059229
0.869999 	 0.059285
0.879999 	 0.059084
0.889999 	 0.058745
0.899999 	 0.058593
0.909999 	 0.058212
0.919999 	 0.057685
0.929999 	 0.057536
0.939999 	 0.057745
0.949999 	 0.057328
0.959999 	 0.057615
0.969999 	 0.056499
0.979999 	 0.056556
0.989999 	 0.056383
0.999999 	 0.056914
1.01 	 0.056177
1.02 	 0.055502
1.03 	 0.055663
1.04 	 0.055458
1.05 	 0.055127
1.06 	 0.055049
1.07 	 0.054951
1.08 	 0.054384
1.09 	 0.054434
1.1 	 0.053708
1.11 	 0.054183
1.12 	 0.053733
1.13 	 0.053613
1.14 	 0.053199
1.15 	 0.053194
1.16 	 0.053068
1.17 	 0.052562
1.18 	 0.052443
1.19 	 0.052415
1.2 	 0.051778
1.21 	 0.05227
1.22 	 0.051467
1.23 	 0.051312
1.24 	 0.051447
1.25 	 0.05088
1.26 	 0.051119
1.27 	 0.050733
1.28 	 0.050893
1.29 	 0.050438
1.3 	 0.050521
1.31 	 0.050173
1.32 	 0.049876
1.33 	 0.049339
1.34 	 0.049476
1.35 	 0.048986
1.36 	 0.048905
1.37 	 0.048813
1.38 	 0.048246
1.39 	 0.0484
1.4 	 0.048569
1.41 	 0.048495
1.42 	 0.047726
1.43 	 0.047865
1.44 	 0.047615
1.45 	 0.047521
1.46 	 0.047047
1.47 	 0.04695
1.48 	 0.047064
1.49 	 0.046801
1.5 	 0.046318
1.51 	 0.046245
1.52 	 0.045791
1.53 	 0.04554
1.54 	 0.045541
1.55 	 0.045674
1.56 	 0.045744
1.57 	 0.045092
1.58 	 0.045084
1.59 	 0.044779
1.6 	 0.044481
1.61 	 0.043862
1.62 	 0.04397
1.63 	 0.044087
1.64 	 0.043721
1.65 	 0.043944
1.66 	 0.043412
1.67 	 0.043439
1.68 	 0.042767
1.69 	 0.042986
1.7 	 0.042989
1.71 	 0.042579
1.72 	 0.042413
1.73 	 0.04193
1.74 	 0.041828
1.75 	 0.042
1.76 	 0.041345
1.77 	 0.041483
1.78 	 0.041521
1.79 	 0.04066
1.8 	 0.040826
1.81 	 0.041081
1.82 	 0.040661
1.83 	 0.040604
1.84 	 0.040229
1.85 	 0.040197
1.86 	 0.039671
1.87 	 0.039783
1.88 	 0.039507
1.89 	 0.039483
1.9 	 0.039238
1.91 	 0.038837
1.92 	 0.039109
1.93 	 0.038827
1.94 	 0.038671
1.95 	 0.038411
1.96 	 0.038095
1.97 	 0.038071
1.98 	 0.037934
1.99 	 0.037839
2 	 0.037582
2.01 	 0.037332
2.02 	 0.037284
2.03 	 0.036858
2.04 	 0.036514
2.05 	 0.036693
2.06 	 0.036461
2.07 	 0.036299
2.08 	 0.03623
2.09 	 0.036026
2.1 	 0.035721
2.11 	 0.035733
2.12 	 0.035237
2.13 	 0.035672
2.14 	 0.035279
2.15 	 0.03504
2.16 	 0.034745
2.17 	 0.034616
2.18 	 0.034739
2.19 	 0.034538
2.2 	 0.034122
2.21 	 0.034351
2.22 	 0.033944
2.23 	 0.033512
2.24 	 0.033578
2.25 	 0.033247
2.26 	 0.033451
2.27 	 0.032951
2.28 	 0.032701
2.29 	 0.033
2.3 	 0.032664
2.31 	 0.032634
2.32 	 0.032258
2.33 	 0.032209
2.34 	 0.032075
2.35 	 0.031913
2.36 	 0.031577
2.37 	 0.031968
2.38 	 0.031594
2.39 	 0.031119
2.4 	 0.030927
2.41 	 0.030998
2.42 	 0.030793
2.43 	 0.030401
2.44 	 0.030477
2.45 	 0.030311
2.46 	 0.030238
2.47 	 0.029988
2.48 	 0.029816
2.49 	 0.02976
2.5 	 0.029459
2.51 	 0.029353
2.52 	 0.029243
2.53 	 0.028653
2.54 	 0.029198
2.55 	 0.029163
2.56 	 0.028815
2.57 	 0.028995
2.58 	 0.028574
2.59 	 0.028542
2.6 	 0.028197
2.61 	 0.027956
2.62 	 0.028101
2.63 	 0.027924
2.64 	 0.027689
2.65 	 0.027511
2.66 	 0.027456
2.67 	 0.027121
2.68 	 0.027001
2.69 	 0.026963
2.7 	 0.027048
2.71 	 0.026638
2.72 	 0.026197
2.73 	 0.026313
2.74 	 0.026443
2.75 	 0.025854
2.76 	 0.025825
2.77 	 0.025731
2.78 	 0.025977
2.79 	 0.025698
2.8 	 0.025455
2.81 	 0.025246
2.82 	 0.025214
2.83 	 0.025031
2.84 	 0.02479
2.85 	 0.024939
2.86 	 0.024711
2.87 	 0.024572
2.88 	 0.024381
2.89 	 0.024189
2.9 	 0.024402
2.91 	 0.024064
2.92 	 0.02374
2.93 	 0.023737
2.94 	 0.023343
2.95 	 0.023689
2.96 	 0.023194
2.97 	 0.023338
2.98 	 0.02307
2.99 	 0.02277
3 	 0.022696
3.01 	 0.022671
3.02 	 0.022639
3.03 	 0.022614
3.04 	 0.022455
3.05 	 0.022479
3.06 	 0.022221
3.07 	 0.022074
3.08 	 0.022142
3.09 	 0.021662
3.1 	 0.021789
3.11 	 0.021889
3.12 	 0.021566
3.13 	 0.021427
3.14 	 0.021157
3.15 	 0.021179
3.16 	 0.020707
3.17 	 0.020837
3.18 	 0.020775
3.19 	 0.020658
3.2 	 0.020443
3.21 	 0.020236
3.22 	 0.020173
3.23 	 0.020166
3.24 	 0.020311
3.25 	 0.020159
3.26 	 0.019749
3.27 	 0.019656
3.28 	 0.019315
3.29 	 0.019391
3.3 	 0.019282
3.31 	 0.019293
3.32 	 0.019003
3.33 	 0.018967
3.34 	 0.018737
3.35 	 0.018762
3.36 	 0.018594
3.37 	 0.018544
3.38 	 0.018757
3.39 	 0.018116
3.4 	 0.018236
3.41 	 0.018038
3.42 	 0.018107
3.43 	 0.017937
3.44 	 0.017677
3.45 	 0.017703
3.46 	 0.017389
3.47 	 0.017546
3.48 	 0.017156
3.49 	 0.017264
3.5 	 0.016869
3.51 	 0.017065
3.52 	 0.016903
3.53 	 0.016924
3.54 	 0.016599
3.55 	 0.016858
3.56 	 0.016607
3.57 	 0.016309
3.58 	 0.016238
3.59 	 0.016104
3.6 	 0.016084
3.61 	 0.016159
3.62 	 0.0161
3.63 	 0.015867
3.64 	 0.015934
3.65 	 0.015691
3.66 	 0.015477
3.67 	 0.015482
3.68 	 0.015521
3.69 	 0.015331
3.7 	 0.015077
3.71 	 0.01502
3.72 	 0.015057
3.73 	 0.014815
3.74 	 0.014746
3.75 	 0.014663
3.76 	 0.014654
3.77 	 0.014489
3.78 	 0.014447
3.79 	 0.014402
3.8 	 0.014213
3.81 	 0.014071
3.82 	 0.014033
3.83 	 0.014268
3.84 	 0.013901
3.85 	 0.013762
3.86 	 0.01378
3.87 	 0.013705
3.88 	 0.013575
3.89 	 0.01352
3.9 	 0.013278
3.91 	 0.013249
3.92 	 0.013441
3.93 	 0.0132
3.94 	 0.013165
3.95 	 0.013132
3.96 	 0.012989
3.97 	 0.012862
3.98 	 0.012585
3.99 	 0.012463
4 	 0.012742
4.01 	 0.012507
4.02 	 0.012402
4.03 	 0.01213
4.04 	 0.012032
4.05 	 0.011859
4.06 	 0.011898
4.07 	 0.011945
4.08 	 0.012026
4.09 	 0.011841
4.1 	 0.011921
4.11 	 0.011665
4.12 	 0.011221
4.13 	 0.011384
4.14 	 0.011226
4.15 	 0.011453
4.16 	 0.011234
4.17 	 0.011086
4.18 	 0.01112
4.19 	 0.010877
4.2 	 0.010873
4.21 	 0.010862
4.22 	 0.010682
4.23 	 0.01059
4.24 	 0.010606
4.25 	 0.010632
4.26 	 0.010537
4.27 	 0.01034
4.28 	 0.010255
4.29 	 0.010541
4.3 	 0.010209
4.31 	 0.010075
4.32 	 0.010049
4.33 	 0.009839
4.34 	 0.009923
4.35 	 0.009916
4.36 	 0.010059
4.37001 	 0.009708
4.38001 	 0.009756
4.39001 	 0.009601
4.40001 	 0.009526
4.41001 	 0.009339
4.42001 	 0.009258
4.43001 	 0.00934
4.44001 	 0.009091
4.45001 	 0.009202
4.46001 	 0.009036
4.47001 	 0.00883
4.48001 	 0.009109
4.49001 	 0.008853
4.50001 	 0.008843
4.51001 	 0.008625
4.52001 	 0.00864
4.53001 	 0.008472
4.54001 	 0.008481
4.55001 	 0.00853
4.56001 	 0.008354
4.57001 	 0.008253
4.58001 	 0.00837
4.59001 	 0.008098
4.60001 	 0.008205
4.61001 	 0.008159
4.62001 	 0.008189
4.63001 	 0.008009
4.64001 	 0.007943
4.65001 	 0.007931
4.66001 	 0.007843
4.67001 	 0.00789
4.68001 	 0.007624
4.69001 	 0.00762
4.70001 	 0.007621
4.71001 	 0.007605
4.72001 	 0.007432
4.73001 	 0.007364
4.74001 	 0.007463
4.75001 	 0.00727
4.76001 	 0.007359
4.77001 	 0.00708
4.78001 	 0.007185
4.79001 	 0.00714
4.80001 	 0.006853
4.81002 	 0.006947
4.82002 	 0.00679
4.83002 	 0.00682
4.84002 	 0.006826
4.85002 	 0.006628
4.86002 	 0.006715
4.87002 	 0.006627
4.88002 	 0.006609
4.89002 	 0.006409
4.90002 	 0.006402
4.91002 	 0.006302
4.92002 	 0.006227
4.93002 	 0.006295
4.94002 	 0.006153
4.95002 	 0.006213
4.96002 	 0.006292
4.97002 	 0.00613
4.98002 	 0.006034
4.99002 	 0.006074
