0 	 0.0786574
0.25 	 0.0728286
0.5 	 0.0670353
0.75 	 0.0614483
1 	 0.0563618
1.25 	 0.0513418
1.5 	 0.0463992
1.75 	 0.0417982
2 	 0.037475
2.25 	 0.0334241
2.5 	 0.029666
2.75 	 0.0260691
3 	 0.022888
3.25 	 0.0198835
3.5 	 0.0171659
3.75 	 0.0146724
4 	 0.0124996
4.25 	 0.0105328
4.5 	 0.0087913
4.75 	 0.0072705
5 	 0.0059254
5.25 	 0.0048069
5.5 	 0.0038588
5.75 	 0.003063
6 	 0.0023729
6.25 	 0.0018424
6.5 	 0.0013868
6.75 	 0.0010546
7 	 0.0007695
7.25 	 0.0005691
7.5 	 0.0003828
7.75 	 0.0002767
8 	 0.0001825
8.25 	 0.0001229
8.5 	 8.7e-05
8.75 	 5.63e-05
9 	 3.6e-05
9.25 	 2.16e-05
9.5 	 1.24e-05
9.75 	 7.1e-06
10 	 5.3e-06
10.25 	 2.4e-06
10.5 	 1.1e-06
10.75 	 4e-07
11 	 3e-07
11.25 	 4e-07
11.5 	 0
11.75 	 0
12 	 0
12.25 	 0
12.5 	 0
12.75 	 0
13 	 0
13.25 	 0
13.5 	 0
13.75 	 0
14 	 0
